next keep Gn
and make learning rate constant = 0.1
epsilon=0.0

REINFORCE results
[[  1.03108745e-24   1.68232348e-13   1.38710294e-10   1.56956888e-03
    9.99999935e-01   1.68644376e-25   4.37826358e-05   2.86437927e-04
    5.00218819e-08   1.20008691e-95   9.99718706e-01   2.00672218e-04
    1.63033021e-02   9.99964941e-01   7.07528902e-05   1.82657963e-04
    5.19336973e-03]
 [  1.65793582e-17   1.00000000e+00   9.99996369e-01   1.26374060e-03
    5.75379192e-08   1.00000000e+00   7.54769437e-06   9.99374697e-01
    3.74789197e-04   4.58898119e-56   1.62750510e-05   9.99444401e-01
    9.55193901e-01   7.86789575e-10   3.11548942e-04   9.99373697e-01
    1.77309354e-02]
 [  1.47936404e-19   1.94994087e-13   4.25956285e-07   2.04466503e-03
    7.80815621e-09   3.47714127e-17   1.13567744e-04   1.68701345e-04
    2.85883615e-12   4.07699721e-66   4.92013044e-05   3.04079285e-05
    2.85027945e-02   3.45612856e-05   9.94991342e-01   2.23069476e-04
    9.57642380e-01]
 [  1.00000000e+00   5.00761993e-16   3.20485887e-06   9.95122025e-01
    2.35377140e-12   8.19834912e-16   9.99835102e-01   1.70163321e-04
    9.99625161e-01   1.00000000e+00   2.15817701e-04   3.24518445e-04
    1.99423823e-09   4.96535461e-07   4.62635576e-03   2.20575387e-04
    1.94333144e-02]]
rounded policy:
[[ 0.  0.  0.  0.  1.  0.  0.  0.  0.  0.  1.  0.  0.  1.  0.  0.  0.]
 [ 0.  1.  1.  0.  0.  1.  0.  1.  0.  0.  0.  1.  1.  0.  0.  1.  0.]
 [ 0.  0.  0.  0.  0.  0.  0.  0.  0.  0.  0.  0.  0.  0.  1.  0.  1.]
 [ 1.  0.  0.  1.  0.  0.  1.  0.  1.  1.  0.  0.  0.  0.  0.  0.  0.]]
argmax policy:
[3 1 1 3 0 1 3 1 3 3 0 1 1 0 2 1 2]
TERMINATE: True, GOODNESS: False, SOFT_GOODNESS: False
bad states: [3, 4, 5, 8, 10, 12, 13, 14], Total Reward: -53.24539146273517, Total Steps to terminate: 12
['0:right', '1:down', '2:down', '3:right', '4:up', '5:down', '6:right', '7:down', '8:right', '9:right', '10:up', '11:down', '12:down', '13:up', '14:left', '15:down', '16:
left']
Number of terminations: 100
last 10 episode rewards: [  -1.9725599   -73.72138387 -211.92834574  -70.87302028    2.90616522
  -56.95318733   67.92247396    2.07863797  -12.23474566  -20.22081935]

model-based RL results
[  60.8085589    66.17950614   72.123402     76.72789948   60.70370553
   65.53774331   77.83444981   84.03437152   63.28879323    8.46444228
   84.93180624   91.54452634   74.06039637   80.86597623   91.10386845
  100.46550482    0.29031875]
[3 3 1 1 3 3 3 1 1 3 3 1 3 3 3 0 2]
rounded policy:
[3 3 1 1 3 3 3 1 1 3 3 1 3 3 3 0 2]
TERMINATE: True, GOODNESS: True, SOFT_GOODNESS: True
bad states: None, Total Reward: 96.45840346848514, Total Steps to terminate: 9
['0:right', '1:right', '2:down', '3:down', '4:right', '5:right', '6:right', '7:down', '8:down', '9:right', '10:right', '11:down', '12:right', '13:right', '14:right', '15:
up', '16:left']

Q-learning results
[[ -1.02275797e+00  -2.71711974e+00  -5.10920038e-01  -2.22955103e+00
   -2.16891050e+00   2.26890410e+00   4.80704753e+00   1.24419204e-01
   -1.27222611e+00  -7.08729809e+01  -1.09895237e+00   4.76959516e+00
    2.44476977e+01   1.69737839e+01   4.14432006e+01   1.00817174e+02
    7.52382023e-01]
 [  8.51666828e+00  -1.95870876e+00   2.01720187e+01   5.29072400e+00
    2.19561941e+01  -3.46975932e+01   3.52619011e+01  -2.80004271e+00
    3.72774291e+01  -1.23113713e+01   4.16677988e+01   8.91203371e+01
    8.85745466e+00  -1.83384758e+00   6.58165274e+01   1.00263695e+02
    7.59087186e-01]
 [ -2.04342552e+00  -2.35232497e+00  -2.63153917e+00  -2.40769767e+00
    2.42197544e+00  -1.31059163e+01  -8.85460092e-01   1.28799877e+01
    1.41271835e+01  -5.71990904e+01  -6.50510190e+01   1.24153553e+01
    1.68534818e+01   1.06686361e+01   3.34396775e+01   1.00540117e+02
    7.56016826e-01]
 [  7.08328962e-02   1.02842528e+01  -3.87334839e+00  -2.27415076e+00
    5.45241197e+00  -6.37127232e+00   8.68790134e-01   9.58375289e+00
   -1.62161547e+01  -3.67567940e+01   6.95365753e+01   1.72135378e+01
    5.94101051e+01   7.28100574e+01   8.94473797e+01   0.00000000e+00
    7.53912396e-01]]
[1 3 1 1 1 0 1 2 1 1 3 1 3 3 3 0 1]
TERMINATE: True, GOODNESS: False, SOFT_GOODNESS: True
bad states: [7], Total Reward: 91.88759133677596, Total Steps to terminate: 8
['0:down', '1:right', '2:down', '3:down', '4:down', '5:up', '6:down', '7:left', '8:down', '9:down', '10:right', '11:down', '12:right', '13:right', '14:right', '15:up', '1
6:down']
