run with V_est but with epsilon=0.0 (no decay)
lr - linear decay like previous

results:
REINFORCE results
[[  9.99996695e-01   9.99649620e-01   1.69754898e-03   1.86481479e-02
    2.78599244e-07   9.99997177e-01   3.42022063e-02   1.53123231e-02
    5.21965395e-01   7.35259653e-06   7.48779815e-03   1.20650172e-02
    2.41865787e-01   2.25719492e-01   1.32446632e-03   8.03453200e-04
    7.14398595e-02]
 [  5.07298248e-07   2.44633543e-10   3.10392680e-03   9.76174817e-01
    5.08594741e-04   2.78933981e-06   9.52236510e-01   9.74979154e-01
    1.90678231e-01   1.48789135e-02   9.85037163e-01   9.77410969e-01
    1.84033040e-01   3.65604748e-01   1.49086894e-03   1.23438091e-03
    5.54070468e-01]
 [  2.79718746e-06   1.69548474e-05   1.08519634e-03   2.00018827e-03
    2.84459721e-05   3.06351910e-08   1.35116987e-02   2.97911110e-03
    2.46111672e-01   2.97120121e-01   2.14667452e-05   2.53188629e-03
    3.94477135e-01   1.27584107e-01   2.98536676e-04   9.97129270e-01
    1.60623576e-01]
 [  2.98225377e-10   3.33425044e-04   9.94113328e-01   3.17684637e-03
    9.99462681e-01   3.48419968e-09   4.95847029e-05   6.72941194e-03
    4.12447022e-02   6.87993613e-01   7.45357245e-03   7.99212763e-03
    1.79624037e-01   2.81091653e-01   9.96886128e-01   8.32896201e-04
    2.13866097e-01]]
rounded policy:
[[ 1.   1.   0.   0.   0.   1.   0.   0.   0.5  0.   0.   0.   0.2  0.2  0.
   0.   0.1]
 [ 0.   0.   0.   1.   0.   0.   1.   1.   0.2  0.   1.   1.   0.2  0.4  0.
   0.   0.6]
 [ 0.   0.   0.   0.   0.   0.   0.   0.   0.2  0.3  0.   0.   0.4  0.1  0.
   1.   0.2]
 [ 0.   0.   1.   0.   1.   0.   0.   0.   0.   0.7  0.   0.   0.2  0.3  1.
   0.   0.2]]
argmax policy:
[0 0 3 1 3 0 1 1 0 3 1 1 2 1 3 2 1]
TERMINATE: False, GOODNESS: False, SOFT_GOODNESS: True
bad states: [0, 1, 12, 13], Total Reward: -106.51616668979733, Total Steps to terminate: 100
['0:up', '1:up', '2:right', '3:down', '4:right', '5:up', '6:down', '7:down', '8:up', '9:right', '10:down', '11:down', '12:left', '13:down', '14:right', '15:left', '16:dow
n']
Number of terminations: 98
last 10 episode rewards: [-11.48487417  11.13749088  -5.51121404  34.22886901  14.58035668
  10.22306184 -19.34008672 -40.1315666   -9.24631769  11.73745276]

model-based RL results
[  6.14978096e+01   6.69626722e+01   7.27331640e+01   7.81281314e+01
   5.97466649e+01   6.56547893e+01   7.86159515e+01   8.44925550e+01
   5.10924710e+01   1.03135884e+01   8.58011638e+01   9.17325912e+01
   6.95060584e+01   7.99410666e+01   9.12896854e+01   1.00203828e+02
  -5.07600444e-02]
[3 3 1 1 3 3 3 1 1 3 3 1 3 3 3 2 1]
rounded policy:
[3 3 1 1 3 3 3 1 1 3 3 1 3 3 3 2 1]
TERMINATE: True, GOODNESS: True, SOFT_GOODNESS: True
bad states: None, Total Reward: 94.69176159996537, Total Steps to terminate: 6
['0:right', '1:right', '2:down', '3:down', '4:right', '5:right', '6:right', '7:down', '8:down', '9:right', '10:right', '11:down', '12:right', '13:right', '14:right', '15:
left', '16:down']

Q-learning results
[[  -2.79958556   -2.46118016   -2.34535134   -2.20251031   -1.86317323
     2.5355491    -2.00855192    9.04083952   -3.50614341  -55.95204425
    -1.49452183   -2.01052716    7.7158892    -1.97332859   -1.50302404
    99.96483038    1.51517891]
 [   5.31296517   10.09762418   -2.24208949   25.48768955    4.71919279
   -16.88568738   -1.52237036   65.70034905   20.11714786  -69.91089019
    41.07449263   88.70477767   -1.44705964   -1.39532522   67.79207261
   101.75612966    1.60647459]
 [  -2.86699838   -2.2301515    -2.09905535   -1.98192716    2.94511825
     1.66903839    3.03381335   17.50655594   -2.09588176  -69.87472933
   -17.82962045   32.69620927   -1.3836106    18.76031595    0.
   101.76539461    1.60454821]
 [   1.80563071   -1.99394508    8.18841035   -1.96686372   13.07560179
    23.99868432   47.74981365   18.42008941  -66.1406737   -13.16414057
    71.18981007   44.15005035   39.04818068   53.4772232    88.33283607
   101.08265921    1.61010753]]
[1 1 3 1 3 3 3 1 1 3 3 1 3 3 3 2 3]
TERMINATE: True, GOODNESS: True, SOFT_GOODNESS: True
bad states: None, Total Reward: 91.03574770335668, Total Steps to terminate: 7
['0:down', '1:down', '2:right', '3:down', '4:right', '5:right', '6:right', '7:down', '8:down', '9:right', '10:right', '11:down', '12:right', '13:right', '14:right', '15:l
eft', '16:right']
